LAMMPS Data

163	atoms
162	bonds

20	atom types
1	bond types

-500.0000	500.00000	xlo	xhi
-500.0000	500.00000	ylo	yhi
-500.0000	500.00000	zlo	zhi

Atoms

1	1	13	0.0000000	0.0000000	0.0000000	0.0000000
2	1	1	0.0000000	-3.074185	-2.099867	0.8557731
3	1	16	0.0000000	-3.080950	-2.107236	4.6757600
4	1	3	0.0000000	-2.716884	-2.513087	8.4566516
5	1	4	-1.000000	-1.024370	0.7059392	9.6252677
6	1	19	0.0000000	-0.971736	0.7451653	13.444704
7	1	17	0.0000000	2.2724337	-0.967577	14.509729
8	1	6	0.0000000	2.6983357	-4.735485	14.972196
9	1	6	0.0000000	5.3988321	-3.261789	12.707701
10	1	1	0.0000000	8.5790113	-1.145804	12.669362
11	1	17	0.0000000	9.3955215	-2.010776	16.299450
12	1	6	0.0000000	8.4545326	1.6303538	15.629289
13	1	16	0.0000000	9.3876915	0.5389193	19.169118
14	1	19	0.0000000	9.0586197	0.3482573	22.970139
15	1	8	0.0000000	10.438931	1.7846135	26.229590
16	1	1	0.0000000	9.8366117	4.9752386	28.241932
17	1	19	0.0000000	7.1787362	4.7427037	30.975799
18	1	15	0.0000000	9.8272299	2.0388055	31.492341
19	1	17	0.0000000	9.7259979	1.9673947	35.310332
20	1	6	0.0000000	11.470235	-1.006474	33.665295
21	1	15	0.0000000	10.538513	-3.579050	36.331031
22	1	8	0.0000000	9.8592451	-4.392179	32.660906
23	1	6	0.0000000	10.475026	-5.395374	29.026788
24	1	8	0.0000000	12.497196	-8.206949	27.414871
25	1	19	0.0000000	10.918657	-6.351890	24.472191
26	1	16	0.0000000	13.012106	-4.365205	21.969601
27	1	6	0.0000000	13.882008	-3.172385	25.492789
28	1	6	0.0000000	15.823811	-0.244685	23.992665
29	1	16	0.0000000	19.537443	-1.137318	23.925248
30	1	16	0.0000000	19.759411	-0.033474	20.274952
31	1	6	0.0000000	16.026523	-0.357985	19.531553
32	1	15	0.0000000	16.186611	-1.073689	15.782614
33	1	19	0.0000000	17.609491	-0.242726	12.336267
34	1	8	0.0000000	20.051216	0.8338732	9.6028956
35	1	6	0.0000000	16.697172	2.6480402	9.3757653
36	1	6	0.0000000	14.916796	2.9604180	6.0104891
37	1	16	0.0000000	15.605045	6.6013893	6.9389511
38	1	19	0.0000000	12.400264	7.6570628	5.1480477
39	1	16	0.0000000	10.117794	9.5113373	7.5861605
40	1	8	0.0000000	9.4119128	10.283532	3.9122188
41	1	19	0.0000000	7.5028886	11.180656	0.7273805
42	1	16	0.0000000	5.5214825	14.430038	0.3988226
43	1	6	0.0000000	3.3435040	16.316055	-2.109513
44	1	16	0.0000000	0.9550323	18.451707	-0.029467
45	1	17	0.0000000	-1.300373	20.789290	-2.039754
46	1	4	-1.000000	-3.154407	22.814886	-4.695299
47	1	17	0.0000000	-4.276537	19.327511	-5.777632
48	1	16	0.0000000	-5.463931	20.514154	-9.209012
49	1	8	0.0000000	-3.170839	18.481983	-11.49033
50	1	19	0.0000000	-1.283384	18.075719	-8.194141
51	1	8	0.0000000	1.7818158	19.849164	-9.626566
52	1	6	0.0000000	1.6130804	21.224639	-6.066791
53	1	16	0.0000000	2.9078421	24.704248	-6.965856
54	1	16	0.0000000	2.8462671	24.748641	-10.78510
55	1	19	0.0000000	-0.765926	23.563741	-10.41030
56	1	16	0.0000000	-1.265812	25.695005	-13.54083
57	1	16	0.0000000	1.0659228	28.720450	-13.49503
58	1	19	0.0000000	2.2577624	25.731146	-15.55318
59	1	8	0.0000000	2.3111561	25.569587	-19.36939
60	1	6	0.0000000	-0.351970	27.662329	-21.13591
61	1	16	0.0000000	-0.370362	25.486855	-24.27587
62	1	6	0.0000000	-0.007555	24.491798	-27.94611
63	1	3	0.0000000	-0.169462	21.387407	-25.72599
64	1	17	0.0000000	-0.415782	17.614275	-26.26931
65	1	8	0.0000000	0.2481441	18.146540	-22.54530
66	1	19	0.0000000	2.6919436	18.944348	-19.71975
67	1	8	0.0000000	5.7180488	17.531781	-17.86509
68	1	17	0.0000000	8.4709263	19.136633	-19.97187
69	1	6	0.0000000	8.1618685	18.737516	-23.75837
70	1	16	0.0000000	11.029641	17.029057	-21.90110
71	1	17	0.0000000	14.414770	15.993986	-20.46516
72	1	15	0.0000000	15.624012	15.835222	-16.84509
73	1	6	0.0000000	14.441342	14.371642	-13.52069
74	1	8	0.0000000	14.741948	14.192597	-9.716746
75	1	19	0.0000000	17.517470	12.374042	-11.60929
76	1	8	0.0000000	20.651002	12.219541	-9.429958
77	1	16	0.0000000	20.533297	15.988420	-10.04159
78	1	17	0.0000000	17.219905	17.036409	-11.62764
79	1	8	0.0000000	15.812632	19.277622	-14.38245
80	1	8	0.0000000	17.333087	21.182315	-11.44089
81	1	19	0.0000000	18.222172	23.349035	-8.423066
82	1	8	0.0000000	20.273004	20.275386	-7.453959
83	1	16	0.0000000	23.447050	22.272641	-8.181149
84	1	16	0.0000000	23.493990	22.692735	-4.384609
85	1	6	0.0000000	23.870438	22.034340	-0.640653
86	1	16	0.0000000	26.888698	22.728819	1.5954599
87	1	16	0.0000000	24.847763	20.666229	4.0799534
88	1	6	0.0000000	22.365874	20.707439	6.9835592
89	1	16	0.0000000	18.887794	21.637682	5.7068415
90	1	16	0.0000000	18.251546	22.608665	9.3461795
91	1	19	0.0000000	20.382401	23.007147	12.491504
92	1	8	0.0000000	20.387687	23.604329	16.264533
93	1	6	0.0000000	17.900183	20.838744	15.394901
94	1	6	0.0000000	15.625664	22.501079	17.974747
95	1	16	0.0000000	12.018355	22.480983	19.231456
96	1	16	0.0000000	12.014902	22.614564	23.049119
97	1	19	0.0000000	11.859153	22.522186	26.864824
98	1	15	0.0000000	12.207884	24.086253	30.332457
99	1	8	0.0000000	13.449181	27.624506	29.602834
100	1	19	0.0000000	13.390230	27.665666	25.783511
101	1	8	0.0000000	16.549484	29.807710	25.935684
102	1	6	0.0000000	18.658248	27.879881	28.471230
103	1	6	0.0000000	16.419292	24.939576	29.437708
104	1	15	0.0000000	15.564701	23.624083	32.920746
105	1	1	0.0000000	14.482980	20.218182	34.270603
106	1	15	0.0000000	17.390828	18.090801	35.539884
107	1	16	0.0000000	19.915799	16.494240	33.159146
108	1	16	0.0000000	19.886643	14.511481	36.424145
109	1	17	0.0000000	22.467271	15.811940	38.922457
110	1	16	0.0000000	23.643012	16.717669	42.442356
111	1	8	0.0000000	20.178668	17.585184	43.798137
112	1	16	0.0000000	17.439581	14.962073	43.340875
113	1	19	0.0000000	20.109808	14.389059	46.011819
114	1	8	0.0000000	19.957052	14.084246	49.816574
115	1	16	0.0000000	16.353392	14.509849	51.010265
116	1	16	0.0000000	15.201158	14.842226	47.383382
117	1	16	0.0000000	13.733367	11.331660	47.720889
118	1	6	0.0000000	13.679630	10.498466	43.993249
119	1	16	0.0000000	14.971859	7.0401147	43.012255
120	1	16	0.0000000	15.613252	7.2752408	39.253833
121	1	16	0.0000000	16.774283	10.848266	38.562533
122	1	19	0.0000000	16.779060	10.848128	34.742536
123	1	8	0.0000000	15.707305	7.4220237	33.436569
124	1	6	0.0000000	17.668780	7.9180706	30.196361
125	1	15	0.0000000	16.963286	8.1634298	26.450099
126	1	6	0.0000000	13.814861	10.134624	25.558914
127	1	16	0.0000000	14.394856	7.8726401	22.535764
128	1	8	0.0000000	13.076289	6.7003267	19.147629
129	1	16	0.0000000	9.2919742	6.7189623	18.627036
130	1	19	0.0000000	10.726542	6.4434827	22.156700
131	1	16	0.0000000	13.171339	3.5602417	21.606889
132	1	6	0.0000000	13.172261	2.0563637	18.095372
133	1	6	0.0000000	12.689717	1.3543369	14.371569
134	1	15	0.0000000	11.719828	3.3353721	11.252721
135	1	16	0.0000000	11.311590	5.0919142	14.620257
136	1	19	0.0000000	7.5502468	5.3737311	15.224638
137	1	8	0.0000000	6.0964696	6.2061702	11.791566
138	1	8	0.0000000	3.8071090	7.9429275	14.308490
139	1	6	0.0000000	2.5638290	8.1742169	10.703887
140	1	6	0.0000000	0.4824441	6.1800821	8.1971632
141	1	6	0.0000000	-3.259758	6.6192408	8.8260197
142	1	16	0.0000000	-1.641685	7.4381576	12.188104
143	1	19	0.0000000	-1.873829	10.838054	10.462064
144	1	8	0.0000000	-2.387858	13.095352	7.4235151
145	1	6	0.0000000	-1.080612	15.883216	5.1626923
146	1	6	0.0000000	-3.648831	17.205633	7.6622656
147	1	6	0.0000000	-6.712012	18.340526	5.6820292
148	1	16	0.0000000	-8.070720	21.853612	5.0459948
149	1	19	0.0000000	-10.20118	24.510645	3.3157569
150	1	3	0.0000000	-13.05062	25.348058	5.7182173
151	1	15	0.0000000	-13.02680	27.372209	2.4786737
152	1	15	0.0000000	-12.12097	24.710025	-0.106796
153	1	6	0.0000000	-10.34685	25.850619	-3.291753
154	1	8	0.0000000	-13.93471	25.472904	-4.547533
155	1	19	0.0000000	-14.95845	22.834694	-7.113504
156	1	8	0.0000000	-13.36907	21.552599	-10.34189
157	1	6	0.0000000	-16.42633	21.895043	-12.60647
158	1	6	0.0000000	-14.10995	21.537584	-15.62292
159	1	3	0.0000000	-13.35035	18.199532	-17.31786
160	1	6	0.0000000	-13.86978	18.006945	-21.09748
161	1	19	0.0000000	-10.42260	16.362160	-21.03431
162	1	3	0.0000000	-11.10177	13.805613	-18.27838
163	1	16	0.0000000	-10.05818	15.360716	-14.94897

Bonds

1	1	1	2
2	1	2	3
3	1	3	4
4	1	4	5
5	1	5	6
6	1	6	7
7	1	7	8
8	1	8	9
9	1	9	10
10	1	10	11
11	1	11	12
12	1	12	13
13	1	13	14
14	1	14	15
15	1	15	16
16	1	16	17
17	1	17	18
18	1	18	19
19	1	19	20
20	1	20	21
21	1	21	22
22	1	22	23
23	1	23	24
24	1	24	25
25	1	25	26
26	1	26	27
27	1	27	28
28	1	28	29
29	1	29	30
30	1	30	31
31	1	31	32
32	1	32	33
33	1	33	34
34	1	34	35
35	1	35	36
36	1	36	37
37	1	37	38
38	1	38	39
39	1	39	40
40	1	40	41
41	1	41	42
42	1	42	43
43	1	43	44
44	1	44	45
45	1	45	46
46	1	46	47
47	1	47	48
48	1	48	49
49	1	49	50
50	1	50	51
51	1	51	52
52	1	52	53
53	1	53	54
54	1	54	55
55	1	55	56
56	1	56	57
57	1	57	58
58	1	58	59
59	1	59	60
60	1	60	61
61	1	61	62
62	1	62	63
63	1	63	64
64	1	64	65
65	1	65	66
66	1	66	67
67	1	67	68
68	1	68	69
69	1	69	70
70	1	70	71
71	1	71	72
72	1	72	73
73	1	73	74
74	1	74	75
75	1	75	76
76	1	76	77
77	1	77	78
78	1	78	79
79	1	79	80
80	1	80	81
81	1	81	82
82	1	82	83
83	1	83	84
84	1	84	85
85	1	85	86
86	1	86	87
87	1	87	88
88	1	88	89
89	1	89	90
90	1	90	91
91	1	91	92
92	1	92	93
93	1	93	94
94	1	94	95
95	1	95	96
96	1	96	97
97	1	97	98
98	1	98	99
99	1	99	100
100	1	100	101
101	1	101	102
102	1	102	103
103	1	103	104
104	1	104	105
105	1	105	106
106	1	106	107
107	1	107	108
108	1	108	109
109	1	109	110
110	1	110	111
111	1	111	112
112	1	112	113
113	1	113	114
114	1	114	115
115	1	115	116
116	1	116	117
117	1	117	118
118	1	118	119
119	1	119	120
120	1	120	121
121	1	121	122
122	1	122	123
123	1	123	124
124	1	124	125
125	1	125	126
126	1	126	127
127	1	127	128
128	1	128	129
129	1	129	130
130	1	130	131
131	1	131	132
132	1	132	133
133	1	133	134
134	1	134	135
135	1	135	136
136	1	136	137
137	1	137	138
138	1	138	139
139	1	139	140
140	1	140	141
141	1	141	142
142	1	142	143
143	1	143	144
144	1	144	145
145	1	145	146
146	1	146	147
147	1	147	148
148	1	148	149
149	1	149	150
150	1	150	151
151	1	151	152
152	1	152	153
153	1	153	154
154	1	154	155
155	1	155	156
156	1	156	157
157	1	157	158
158	1	158	159
159	1	159	160
160	1	160	161
161	1	161	162
162	1	162	163

