LAMMPS Data

163	atoms
162	bonds

20	atom types
1	bond types

-500.0000	500.00000	xlo	xhi
-500.0000	500.00000	ylo	yhi
-500.0000	500.00000	zlo	zhi

Atoms

1	1	13	0.0000000	0.0000000	0.0000000	0.0000000
2	1	1	0.0000000	0.0521115	-1.607065	-3.465116
3	1	16	0.0000000	-2.311093	-3.935647	-5.358623
4	1	3	0.0000000	-4.126645	-7.292001	-5.182382
5	1	4	-1.000000	-1.650041	-8.048338	-2.374041
6	1	19	0.0000000	0.1660913	-8.869921	0.8846499
7	1	7	-1.000000	0.0617894	-7.190095	4.3138923
8	1	6	0.0000000	2.0991470	-8.904401	7.0530033
9	1	6	0.0000000	3.6073149	-12.39203	6.6602184
10	1	1	0.0000000	7.2979989	-11.68170	5.9770798
11	1	7	-1.000000	10.120358	-12.14567	8.5091578
12	1	6	0.0000000	6.9705091	-13.88254	9.7952847
13	1	16	0.0000000	4.6521565	-12.28626	12.377823
14	1	19	0.0000000	5.7261065	-15.85940	13.197365
15	1	8	0.0000000	5.6211234	-15.89000	17.015800
16	1	1	0.0000000	6.6029632	-13.57820	19.893993
17	1	19	0.0000000	7.0091352	-13.43552	23.689657
18	1	15	0.0000000	8.5398064	-10.06884	24.646167
19	1	7	-1.000000	8.5157916	-10.10893	28.465881
20	1	6	0.0000000	9.1616301	-13.68806	29.634265
21	1	15	0.0000000	8.6681663	-16.56383	27.168725
22	1	8	0.0000000	6.9070117	-17.53255	30.417156
23	1	6	0.0000000	8.0697295	-15.19996	33.209917
24	1	8	0.0000000	8.1845224	-11.39322	32.913326
25	1	19	0.0000000	8.3699078	-7.597104	33.297407
26	1	7	-1.000000	10.370431	-9.471757	35.957479
27	1	6	0.0000000	13.272099	-8.766747	38.339849
28	1	6	0.0000000	10.972638	-10.24544	41.007874
29	1	16	0.0000000	9.3317892	-13.23972	39.294892
30	1	7	-1.000000	7.9338780	-15.99294	37.045889
31	1	6	0.0000000	6.3198157	-12.53266	36.928905
32	1	15	0.0000000	3.4609109	-12.39953	34.398818
33	1	19	0.0000000	2.8568954	-13.83904	37.885274
34	1	8	0.0000000	2.7425883	-16.77126	35.439572
35	1	6	0.0000000	-1.033388	-17.29168	35.691685
36	1	6	0.0000000	-0.630837	-18.52247	39.285502
37	1	16	0.0000000	2.8534294	-17.71396	40.626625
38	1	19	0.0000000	5.6262445	-15.67045	42.278281
39	1	16	0.0000000	5.0941253	-11.93011	42.843153
40	1	8	0.0000000	8.4823026	-11.81679	44.603781
41	1	19	0.0000000	11.026250	-11.86677	47.453032
42	1	7	-1.000000	12.999343	-8.743354	48.424397
43	1	6	0.0000000	12.310591	-9.412409	44.727048
44	1	16	0.0000000	15.940081	-10.36457	44.011097
45	1	17	0.0000000	16.556241	-14.11882	43.667111
46	1	4	-1.000000	14.145132	-15.51001	46.283128
47	1	17	0.0000000	14.590462	-16.55380	49.930673
48	1	16	0.0000000	13.988675	-16.74705	53.698021
49	1	8	0.0000000	16.532083	-19.14057	52.150594
50	1	19	0.0000000	13.040263	-20.40635	53.043572
51	1	8	0.0000000	13.018766	-20.41763	49.223649
52	1	6	0.0000000	12.390670	-24.18055	49.027838
53	1	16	0.0000000	15.021933	-25.57926	51.417914
54	1	16	0.0000000	14.868901	-25.67354	55.233683
55	1	19	0.0000000	14.063360	-25.03248	58.912344
56	1	16	0.0000000	14.733741	-25.44214	62.650681
57	1	16	0.0000000	16.071535	-25.65545	66.222405
58	1	19	0.0000000	17.906588	-25.22655	69.545210
59	1	8	0.0000000	17.549952	-24.54318	73.286628
60	1	6	0.0000000	16.584613	-23.51676	76.837259
61	1	7	-1.000000	13.305081	-21.97538	78.046063
62	1	6	0.0000000	12.824395	-23.59400	74.619489
63	1	3	0.0000000	9.2179797	-22.33516	74.580922
64	1	17	0.0000000	10.655952	-19.49910	72.463988
65	1	8	0.0000000	9.9332812	-18.44976	68.862731
66	1	19	0.0000000	8.5913876	-17.42587	65.435871
67	1	8	0.0000000	7.0616726	-19.35259	62.513517
68	1	7	-1.000000	4.2112841	-21.73265	63.409615
69	1	6	0.0000000	3.8954881	-22.20762	59.632437
70	1	16	0.0000000	1.9076118	-19.04967	60.449812
71	1	17	0.0000000	2.6128132	-18.11891	56.812673
72	1	15	0.0000000	0.6098133	-17.99944	53.562116
73	1	6	0.0000000	0.3703635	-14.54592	55.177123
74	1	8	0.0000000	1.4984496	-13.67279	51.633471
75	1	19	0.0000000	4.7798688	-13.99379	53.562628
76	1	8	0.0000000	4.1325233	-10.34137	52.649829
77	1	16	0.0000000	6.8652501	-9.363291	55.133366
78	1	17	0.0000000	6.2317240	-6.118034	57.046308
79	1	8	0.0000000	5.1758931	-2.840612	55.392184
80	1	8	0.0000000	5.4307135	-2.801059	59.203470
81	1	19	0.0000000	6.3487507	0.8764496	59.678380
82	1	8	0.0000000	5.4479622	4.1141390	61.494516
83	1	16	0.0000000	8.5982099	3.7304615	63.620811
84	1	7	-1.000000	8.5595394	3.6870127	67.440368
85	1	6	0.0000000	11.024383	0.8253505	68.012935
86	1	16	0.0000000	11.146355	0.8854886	71.830514
87	1	7	-1.000000	8.2135953	-1.501973	72.370284
88	1	6	0.0000000	9.4051343	-2.630200	68.920684
89	1	16	0.0000000	6.5598666	-3.279391	66.455851
90	1	16	0.0000000	4.3280407	-1.098279	64.252647
91	1	19	0.0000000	2.1245101	-1.120528	61.132333
92	1	8	0.0000000	2.0724516	2.1114876	59.096709
93	1	6	0.0000000	2.1465786	5.8996698	58.610314
94	1	6	0.0000000	3.9013507	7.5288368	55.633908
95	1	16	0.0000000	4.2657190	10.181129	58.358790
96	1	16	0.0000000	4.4668499	13.549613	60.149114
97	1	19	0.0000000	4.7921176	13.162986	63.935553
98	1	15	0.0000000	4.7274809	13.257898	67.753827
99	1	8	0.0000000	4.5833292	13.606892	71.555119
100	1	19	0.0000000	2.3864953	16.490397	70.350247
101	1	8	0.0000000	1.5446273	15.381953	73.907634
102	1	6	0.0000000	1.8497241	15.173874	77.709742
103	1	6	0.0000000	2.3763632	18.636680	76.185266
104	1	15	0.0000000	2.8350942	19.152527	79.942375
105	1	1	0.0000000	4.9567114	16.376671	81.486967
106	1	15	0.0000000	7.8450284	14.169509	80.312888
107	1	16	0.0000000	8.6227553	11.197244	78.042826
108	1	16	0.0000000	11.655599	9.6858777	79.806354
109	1	17	0.0000000	12.695041	6.0194231	80.069166
110	1	16	0.0000000	12.513443	7.3881702	76.507431
111	1	8	0.0000000	8.8533131	6.7816083	77.417340
112	1	16	0.0000000	5.9293145	8.4501248	75.612157
113	1	19	0.0000000	5.1697411	7.6513662	79.269675
114	1	8	0.0000000	4.4750260	8.4766567	82.934189
115	1	16	0.0000000	4.4705815	8.4707712	86.754182
116	1	16	0.0000000	6.5181453	7.0937714	89.670302
117	1	7	-1.000000	8.4166326	10.326726	88.938079
118	1	6	0.0000000	9.6613810	8.0190590	86.160009
119	1	16	0.0000000	12.384063	5.7568296	84.724139
120	1	16	0.0000000	12.560967	5.4548421	88.528072
121	1	16	0.0000000	10.687181	6.3911317	91.722550
122	1	19	0.0000000	9.4569046	9.7019358	93.177677
123	1	8	0.0000000	7.4038285	10.527464	96.291482
124	1	6	0.0000000	4.9971954	9.8454978	93.404366
125	1	15	0.0000000	6.4490024	13.364286	93.083759
126	1	6	0.0000000	4.6757653	13.889354	96.426263
127	1	16	0.0000000	6.4250910	16.922592	97.953263
128	1	8	0.0000000	2.9100883	17.869125	96.795148
129	1	16	0.0000000	3.0999824	16.345881	93.297139
130	1	19	0.0000000	3.0616972	15.584546	89.553971
131	1	7	-1.000000	3.9531756	11.901581	89.070822
132	1	6	0.0000000	6.8795178	13.528474	87.231762
133	1	6	0.0000000	9.3402155	15.327503	84.929402
134	1	15	0.0000000	9.9660230	18.673652	86.662620
135	1	16	0.0000000	9.8668242	18.540595	90.479013
136	1	19	0.0000000	10.834592	20.727934	93.457499
137	1	8	0.0000000	7.1832198	19.749442	94.007441
138	1	8	0.0000000	5.8389072	22.033463	91.256355
139	1	6	0.0000000	7.8743459	23.669158	94.044525
140	1	6	0.0000000	7.0497521	23.198426	97.744640
141	1	6	0.0000000	5.4227822	26.653776	97.821584
142	1	16	0.0000000	6.3530220	28.051459	94.390325
143	1	19	0.0000000	6.6615652	27.831907	90.589141
144	1	8	0.0000000	3.1779764	27.303985	89.113232
145	1	6	0.0000000	2.2633299	31.009890	89.261879
146	1	6	0.0000000	0.7745465	30.122039	92.665942
147	1	6	0.0000000	-0.600273	33.008443	94.756622
148	1	16	0.0000000	-3.388247	33.453658	92.183417
149	1	19	0.0000000	-2.728943	33.735563	88.431317
150	1	3	0.0000000	-1.940533	30.412299	86.720549
151	1	15	0.0000000	-3.425862	27.407296	88.552530
152	1	15	0.0000000	-2.976624	27.665247	92.337242
153	1	6	0.0000000	-4.586723	27.682837	95.801297
154	1	8	0.0000000	-8.016559	26.927974	94.298365
155	1	19	0.0000000	-9.108307	27.516768	90.685359
156	1	8	0.0000000	-12.02806	26.315434	88.534957
157	1	6	0.0000000	-12.70214	26.339232	92.294938
158	1	6	0.0000000	-10.49230	23.678616	93.916702
159	1	3	0.0000000	-13.85201	24.152640	95.671702
160	1	6	0.0000000	-16.53676	22.889474	98.077720
161	1	19	0.0000000	-18.10364	25.240423	100.64878
162	1	3	0.0000000	-17.06333	25.056090	104.31977
163	1	16	0.0000000	-20.34280	23.445163	103.20512

Bonds

1	1	1	2
2	1	2	3
3	1	3	4
4	1	4	5
5	1	5	6
6	1	6	7
7	1	7	8
8	1	8	9
9	1	9	10
10	1	10	11
11	1	11	12
12	1	12	13
13	1	13	14
14	1	14	15
15	1	15	16
16	1	16	17
17	1	17	18
18	1	18	19
19	1	19	20
20	1	20	21
21	1	21	22
22	1	22	23
23	1	23	24
24	1	24	25
25	1	25	26
26	1	26	27
27	1	27	28
28	1	28	29
29	1	29	30
30	1	30	31
31	1	31	32
32	1	32	33
33	1	33	34
34	1	34	35
35	1	35	36
36	1	36	37
37	1	37	38
38	1	38	39
39	1	39	40
40	1	40	41
41	1	41	42
42	1	42	43
43	1	43	44
44	1	44	45
45	1	45	46
46	1	46	47
47	1	47	48
48	1	48	49
49	1	49	50
50	1	50	51
51	1	51	52
52	1	52	53
53	1	53	54
54	1	54	55
55	1	55	56
56	1	56	57
57	1	57	58
58	1	58	59
59	1	59	60
60	1	60	61
61	1	61	62
62	1	62	63
63	1	63	64
64	1	64	65
65	1	65	66
66	1	66	67
67	1	67	68
68	1	68	69
69	1	69	70
70	1	70	71
71	1	71	72
72	1	72	73
73	1	73	74
74	1	74	75
75	1	75	76
76	1	76	77
77	1	77	78
78	1	78	79
79	1	79	80
80	1	80	81
81	1	81	82
82	1	82	83
83	1	83	84
84	1	84	85
85	1	85	86
86	1	86	87
87	1	87	88
88	1	88	89
89	1	89	90
90	1	90	91
91	1	91	92
92	1	92	93
93	1	93	94
94	1	94	95
95	1	95	96
96	1	96	97
97	1	97	98
98	1	98	99
99	1	99	100
100	1	100	101
101	1	101	102
102	1	102	103
103	1	103	104
104	1	104	105
105	1	105	106
106	1	106	107
107	1	107	108
108	1	108	109
109	1	109	110
110	1	110	111
111	1	111	112
112	1	112	113
113	1	113	114
114	1	114	115
115	1	115	116
116	1	116	117
117	1	117	118
118	1	118	119
119	1	119	120
120	1	120	121
121	1	121	122
122	1	122	123
123	1	123	124
124	1	124	125
125	1	125	126
126	1	126	127
127	1	127	128
128	1	128	129
129	1	129	130
130	1	130	131
131	1	131	132
132	1	132	133
133	1	133	134
134	1	134	135
135	1	135	136
136	1	136	137
137	1	137	138
138	1	138	139
139	1	139	140
140	1	140	141
141	1	141	142
142	1	142	143
143	1	143	144
144	1	144	145
145	1	145	146
146	1	146	147
147	1	147	148
148	1	148	149
149	1	149	150
150	1	150	151
151	1	151	152
152	1	152	153
153	1	153	154
154	1	154	155
155	1	155	156
156	1	156	157
157	1	157	158
158	1	158	159
159	1	159	160
160	1	160	161
161	1	161	162
162	1	162	163

