LAMMPS Data

163	atoms
162	bonds

20	atom types
1	bond types

-763.688406315583	830.2457470892294	xlo	xhi
-653.959812810038	720.5171535836847	ylo	yhi
-1001.08072258477	1067.638063358420	zlo	zhi

Atoms

1	1	13	0.000000000000000	0.000000000000000	0.000000000000000	0.000000000000000
2	1	1	0.000000000000000	-3.36642473800170	-1.73828688352233	-0.48779421270085
3	1	16	0.000000000000000	-4.67214278948171	0.948420241465885	-2.86878249376752
4	1	3	0.000000000000000	-1.14826122103201	0.112677813950987	-4.08376944282993
5	1	4	-1.00000000000000	1.925285965602291	-1.98235691893733	-4.95356088882370
6	1	19	0.000000000000000	2.967335254685183	-0.04077469429940	-8.07394415760526
7	1	17	0.000000000000000	4.358132438629002	-0.43542086166773	-11.6098086340403
8	1	6	0.000000000000000	2.552789453971079	-2.43077605387238	-14.3212094462937
9	1	6	0.000000000000000	1.580350635134316	-5.68630038900705	-12.5752644165275
10	1	1	0.000000000000000	1.565098035910164	-6.12271211060913	-16.3702231998960
11	1	17	0.000000000000000	1.585982326579415	-6.19165447839470	-20.1895439243609
12	1	6	0.000000000000000	4.834619763112116	-6.05301182449114	-22.1944212324466
13	1	16	0.000000000000000	4.916602603715032	-5.49527364172618	-18.4162461526848
14	1	19	0.000000000000000	7.390778020526950	-5.30539053108899	-15.5119733674358
15	1	8	0.000000000000000	10.71986329024822	-4.40380900764974	-13.8697973648350
16	1	1	0.000000000000000	8.798500050635777	-1.81878915629234	-11.8159142937830
17	1	19	0.000000000000000	10.08565031673812	-1.52227229916995	-8.23154238982058
18	1	15	0.000000000000000	8.390014484373170	1.072011412915685	-5.99840308713317
19	1	17	0.000000000000000	11.85210251113313	0.158537759084351	-4.66727109566073
20	1	6	0.000000000000000	14.39972177737675	1.652047254960535	-7.09038179473991
21	1	15	0.000000000000000	14.64190610592979	1.468082026697755	-10.8982556825930
22	1	8	0.000000000000000	14.02876901252676	1.546681948030750	-14.6679088439674
23	1	6	0.000000000000000	16.44194597294346	3.878641266887619	-16.4929958810455
24	1	8	0.000000000000000	18.50882950173288	4.379223810739703	-13.3196995514838
25	1	19	0.000000000000000	14.96645534654478	5.568391543478930	-12.5260589224412
26	1	16	0.000000000000000	13.10612164494071	4.857874284714012	-9.26619332035366
27	1	6	0.000000000000000	12.34726366670502	7.276887710403466	-6.40876289859319
28	1	6	0.000000000000000	9.363786587286558	5.704607719734595	-4.61454993812083
29	1	16	0.000000000000000	10.73135078948016	8.165066856857118	-2.03224302618552
30	1	16	0.000000000000000	11.47255251963250	7.337993135226204	1.622749320483181
31	1	6	0.000000000000000	14.32653206856559	6.684347362465354	-0.83080889933218
32	1	15	0.000000000000000	17.82155560734117	8.152338749534886	-1.30220231347195
33	1	19	0.000000000000000	18.49011489126460	9.276870087249838	-4.89119350242419
34	1	8	0.000000000000000	16.29197424472235	9.379130526478590	-8.01371179710038
35	1	6	0.000000000000000	19.63622279595939	7.820243941206273	-9.00278926717386
36	1	6	0.000000000000000	19.37834902028519	8.192666918260755	-12.7958358318737
37	1	16	0.000000000000000	20.71276990508905	11.29372886065492	-11.0083415712861
38	1	19	0.000000000000000	22.89564338628136	11.08512688387937	-14.1362719701909
39	1	16	0.000000000000000	26.47005591140952	11.65641407603142	-15.3567661505498
40	1	8	0.000000000000000	25.08542462584046	14.95760869601061	-16.6899241622062
41	1	19	0.000000000000000	25.97400152805928	15.73182429962764	-20.3235753958773
42	1	16	0.000000000000000	28.56852033542231	18.30843751476919	-21.4289877613760
43	1	6	0.000000000000000	31.59151874676450	20.04819787445081	-19.8710678353519
44	1	16	0.000000000000000	31.30783576034219	20.92728402766268	-16.1644343899670
45	1	17	0.000000000000000	34.61017807736490	20.17349709416255	-14.3984387840592
46	1	4	-1.00000000000000	38.26318579032558	21.27028187750697	-14.1863119633270
47	1	17	0.000000000000000	39.65450490136237	22.61909789853121	-17.4783214518754
48	1	16	0.000000000000000	43.33642508048297	23.63020535849771	-17.5946206306543
49	1	8	0.000000000000000	45.46229029634911	25.05231030000837	-14.7572425065226
50	1	19	0.000000000000000	45.12461261964827	24.25192929287839	-11.0373279873322
51	1	8	0.000000000000000	41.66733697521680	23.57502540910519	-9.56035600027432
52	1	6	0.000000000000000	42.25027077205575	20.96158835903653	-12.2847889639993
53	1	16	0.000000000000000	45.87478524432385	19.83071558973489	-11.8647632267270
54	1	16	0.000000000000000	48.84743789150637	21.60047217243013	-13.4845465076648
55	1	19	0.000000000000000	50.06056458129958	20.42879983789729	-16.9120685827217
56	1	16	0.000000000000000	48.82168130458140	16.90252941077953	-17.7013626353426
57	1	16	0.000000000000000	47.57619228592466	13.69158599473647	-19.3539362292788
58	1	19	0.000000000000000	47.22998765562794	13.78772722553084	-15.5508717783783
59	1	8	0.000000000000000	44.43434740902951	12.29349606925242	-13.4191896108857
60	1	6	0.000000000000000	44.61810700624459	8.675353723818446	-12.2077118444332
61	1	16	0.000000000000000	46.71286849698611	7.233079709442747	-9.35741011227165
62	1	6	0.000000000000000	48.81471309058846	4.075275865702836	-9.80788118659942
63	1	3	0.000000000000000	50.66302476513377	2.178546490616306	-7.05496243890210
64	1	17	0.000000000000000	51.81994087050655	1.301743253954081	-10.5883971997697
65	1	8	0.000000000000000	50.92049110625412	2.297673359217657	-14.1649197213004
66	1	19	0.000000000000000	52.49382805111303	5.256043576896902	-12.3305106848283
67	1	8	0.000000000000000	54.98162976438553	3.196176048761908	-14.3701646755761
68	1	17	0.000000000000000	53.20752282047680	1.739069055286894	-17.4233243112881
69	1	6	0.000000000000000	54.79453040058379	3.768151023763047	-20.2440747975750
70	1	16	0.000000000000000	54.65701952013973	3.688830467386728	-24.0607748129149
71	1	17	0.000000000000000	50.94603872020858	4.591376072844971	-23.9805692482056
72	1	15	0.000000000000000	51.88227572490111	5.959939887779585	-27.4219197615210
73	1	6	0.000000000000000	54.06396661564351	6.059453405434021	-30.5560419539467
74	1	8	0.000000000000000	52.17347299827883	6.150822663954938	-33.8741868485077
75	1	19	0.000000000000000	49.99353929795272	3.045899156380701	-33.4272650720239
76	1	8	0.000000000000000	48.53306238297293	3.844753360380670	-36.8654679662061
77	1	16	0.000000000000000	48.95330952194498	3.698679691153524	-40.6594704471415
78	1	17	0.000000000000000	51.68886362507860	1.477105893590800	-39.1851049528316
79	1	8	0.000000000000000	52.04227869787954	-0.47822638047901	-35.9225639976407
80	1	8	0.000000000000000	54.82708031405176	-2.21811023110809	-33.9706203138003
81	1	19	0.000000000000000	55.70110492958437	-4.06098522043919	-37.2005263101322
82	1	8	0.000000000000000	57.74233189319068	-4.10715091072496	-40.4290958404485
83	1	16	0.000000000000000	55.25030866232342	-2.19177451937847	-42.6001678098430
84	1	16	0.000000000000000	57.44328966589201	0.336469029496525	-44.4416940452139
85	1	6	0.000000000000000	56.88929456161026	1.157362143526778	-40.7523006100040
86	1	16	0.000000000000000	57.92481074388616	3.665137280129768	-38.0632171043314
87	1	16	0.000000000000000	57.35757763885055	6.677065717193262	-35.7831000690545
88	1	6	0.000000000000000	54.47191108788268	8.776765471546437	-37.1456673144389
89	1	16	0.000000000000000	54.22795086402348	6.079287303549576	-39.8394555285260
90	1	16	0.000000000000000	51.47233212640394	8.453821077765692	-41.0058837209096
91	1	19	0.000000000000000	51.37968220516693	8.768345334002953	-44.8117857801241
92	1	8	0.000000000000000	53.01803066680263	10.59196010360520	-47.7414006849101
93	1	6	0.000000000000000	56.15316112293230	12.76827065118889	-47.5769944091049
94	1	6	0.000000000000000	55.40666307239247	10.83456284600592	-44.3682696180524
95	1	16	0.000000000000000	59.09705529119766	10.00111183175281	-44.8962513205976
96	1	16	0.000000000000000	62.68642995218905	10.77056806370208	-43.8394984402385
97	1	19	0.000000000000000	62.73282800476669	10.73156807483364	-40.0199793315567
98	1	15	0.000000000000000	62.46033093474279	10.96906670797915	-36.2171199144756
99	1	8	0.000000000000000	59.84460741283620	13.64668786219595	-36.9791798933718
100	1	19	0.000000000000000	61.62913347141738	15.59253578872261	-34.2184657478876
101	1	8	0.000000000000000	63.09349084421217	19.11982782161173	-34.2976389722658
102	1	6	0.000000000000000	65.64884708405992	21.50271707443468	-35.8417870533293
103	1	6	0.000000000000000	64.76439677384371	21.84166337346487	-39.5424982086523
104	1	15	0.000000000000000	66.68665103303634	24.76044539652809	-38.0004054537057
105	1	1	0.000000000000000	63.88330052224787	25.90173010033345	-35.6699344415448
106	1	15	0.000000000000000	64.04742867215984	25.84707929760810	-31.8538533050688
107	1	16	0.000000000000000	62.18703664204835	26.36811037180959	-28.5584219047793
108	1	16	0.000000000000000	60.51650843982598	23.81150796728973	-26.2637498866506
109	1	17	0.000000000000000	59.76689809790515	24.61155552909825	-22.6044592130187
110	1	16	0.000000000000000	61.42996004836237	26.27358483945602	-19.5937643562700
111	1	8	0.000000000000000	62.86462964633909	29.77486018243954	-20.1183538312473
112	1	16	0.000000000000000	61.53594116805648	30.46105148782295	-23.6334823381578
113	1	19	0.000000000000000	58.64320569808123	29.32354577172526	-25.8539692772305
114	1	8	0.000000000000000	55.42115999116007	30.92869904934379	-24.5755701150509
115	1	16	0.000000000000000	57.11479554583048	32.86730403066295	-21.7531935749059
116	1	16	0.000000000000000	57.42103152877845	36.67464564018412	-21.7005685698549
117	1	16	0.000000000000000	58.30997907684659	40.32658710497785	-21.0182960476880
118	1	6	0.000000000000000	57.88123005658566	40.10595745064417	-17.2288505957447
119	1	16	0.000000000000000	54.52603917206849	41.89033453510851	-16.8401443456131
120	1	16	0.000000000000000	57.32254091827101	44.16169171452143	-15.5701386184545
121	1	16	0.000000000000000	54.21053965410686	45.76680362938129	-17.0970518028287
122	1	19	0.000000000000000	55.11004623416867	46.19715962877304	-20.7846094805082
123	1	8	0.000000000000000	55.97860877381099	48.99813236095124	-18.3366407576025
124	1	6	0.000000000000000	53.81454747512196	51.64160428582027	-20.0458203496716
125	1	15	0.000000000000000	56.98414252570701	52.58680629352600	-21.9570137935532
126	1	6	0.000000000000000	55.58096002664201	55.24153266856640	-24.3183495909320
127	1	16	0.000000000000000	56.79523939512890	54.42991846006905	-27.8481099215823
128	1	8	0.000000000000000	54.47716475146025	57.43446170484324	-28.2858882178262
129	1	16	0.000000000000000	54.09007160663193	58.73711252366093	-31.8559946226075
130	1	19	0.000000000000000	57.06416931461884	57.38805278473394	-33.8377061667414
131	1	16	0.000000000000000	59.86749652360852	55.05698881013638	-32.6975757769738
132	1	6	0.000000000000000	62.46185588919283	52.25357691744489	-32.7483817030152
133	1	6	0.000000000000000	62.66203664441235	49.23568006642777	-30.4150094091322
134	1	15	0.000000000000000	62.25727740815373	46.98150613961179	-27.3576788957061
135	1	16	0.000000000000000	60.47032556170348	44.50991634280712	-29.6577760620882
136	1	19	0.000000000000000	62.88352559113125	43.44650902822444	-32.4214747615238
137	1	8	0.000000000000000	60.56529071775681	40.65994929656985	-31.2159574726425
138	1	8	0.000000000000000	60.43622988353967	40.72756123790223	-35.0331779177387
139	1	6	0.000000000000000	59.10439656560046	42.54943031753338	-38.1152897051194
140	1	6	0.000000000000000	60.47950631826055	46.01301741320451	-38.9549548757914
141	1	6	0.000000000000000	60.50416631594209	46.43125597649228	-42.7519100228393
142	1	16	0.000000000000000	57.42366294339523	44.17230896229594	-42.7443364648355
143	1	19	0.000000000000000	57.24531195805130	43.17694164079120	-46.4280621361237
144	1	8	0.000000000000000	58.43393356599590	46.37613016099179	-48.1440957853695
145	1	6	0.000000000000000	61.53195843253944	46.45688765821199	-50.3775057685389
146	1	6	0.000000000000000	65.03197191567101	46.45283226306999	-48.8470518582013
147	1	6	0.000000000000000	66.55883334539885	45.27501559691295	-52.1446027790109
148	1	16	0.000000000000000	69.08448141589601	45.50907686617487	-55.0009495972782
149	1	19	0.000000000000000	71.22948356312840	48.03007633135284	-56.9077604124722
150	1	3	0.000000000000000	68.84714723069010	48.34037966249749	-59.8777074560783
151	1	15	0.000000000000000	68.09976092757972	47.32635003837824	-63.4840293545410
152	1	15	0.000000000000000	65.18656509809078	46.72459349329768	-65.8806058960896
153	1	6	0.000000000000000	63.84570849706412	48.59721826766003	-68.9281918308793
154	1	8	0.000000000000000	60.86488502152812	47.26898557330933	-70.9138628301516
155	1	19	0.000000000000000	63.04218896166869	44.31231588638403	-71.9673579249031
156	1	8	0.000000000000000	62.87302021902667	41.61041084381877	-74.6624443942902
157	1	6	0.000000000000000	61.95577553620083	43.87567484469894	-77.5983669406364
158	1	6	0.000000000000000	61.02959210126680	41.93452341830226	-80.7553457788062
159	1	3	0.000000000000000	60.00343498280134	42.04900730473560	-84.4331569495938
160	1	6	0.000000000000000	61.09812882090425	42.99266841397429	-87.9691927400985
161	1	19	0.000000000000000	60.66001937214887	40.60729848706173	-90.9205433500214
162	1	3	0.000000000000000	60.09709658367222	39.73766402464926	-94.5973971458635
163	1	16	0.000000000000000	60.13434659211489	38.03773897322733	-98.0181086590460

Bonds

1	1	1	2
2	1	2	3
3	1	3	4
4	1	4	5
5	1	5	6
6	1	6	7
7	1	7	8
8	1	8	9
9	1	9	10
10	1	10	11
11	1	11	12
12	1	12	13
13	1	13	14
14	1	14	15
15	1	15	16
16	1	16	17
17	1	17	18
18	1	18	19
19	1	19	20
20	1	20	21
21	1	21	22
22	1	22	23
23	1	23	24
24	1	24	25
25	1	25	26
26	1	26	27
27	1	27	28
28	1	28	29
29	1	29	30
30	1	30	31
31	1	31	32
32	1	32	33
33	1	33	34
34	1	34	35
35	1	35	36
36	1	36	37
37	1	37	38
38	1	38	39
39	1	39	40
40	1	40	41
41	1	41	42
42	1	42	43
43	1	43	44
44	1	44	45
45	1	45	46
46	1	46	47
47	1	47	48
48	1	48	49
49	1	49	50
50	1	50	51
51	1	51	52
52	1	52	53
53	1	53	54
54	1	54	55
55	1	55	56
56	1	56	57
57	1	57	58
58	1	58	59
59	1	59	60
60	1	60	61
61	1	61	62
62	1	62	63
63	1	63	64
64	1	64	65
65	1	65	66
66	1	66	67
67	1	67	68
68	1	68	69
69	1	69	70
70	1	70	71
71	1	71	72
72	1	72	73
73	1	73	74
74	1	74	75
75	1	75	76
76	1	76	77
77	1	77	78
78	1	78	79
79	1	79	80
80	1	80	81
81	1	81	82
82	1	82	83
83	1	83	84
84	1	84	85
85	1	85	86
86	1	86	87
87	1	87	88
88	1	88	89
89	1	89	90
90	1	90	91
91	1	91	92
92	1	92	93
93	1	93	94
94	1	94	95
95	1	95	96
96	1	96	97
97	1	97	98
98	1	98	99
99	1	99	100
100	1	100	101
101	1	101	102
102	1	102	103
103	1	103	104
104	1	104	105
105	1	105	106
106	1	106	107
107	1	107	108
108	1	108	109
109	1	109	110
110	1	110	111
111	1	111	112
112	1	112	113
113	1	113	114
114	1	114	115
115	1	115	116
116	1	116	117
117	1	117	118
118	1	118	119
119	1	119	120
120	1	120	121
121	1	121	122
122	1	122	123
123	1	123	124
124	1	124	125
125	1	125	126
126	1	126	127
127	1	127	128
128	1	128	129
129	1	129	130
130	1	130	131
131	1	131	132
132	1	132	133
133	1	133	134
134	1	134	135
135	1	135	136
136	1	136	137
137	1	137	138
138	1	138	139
139	1	139	140
140	1	140	141
141	1	141	142
142	1	142	143
143	1	143	144
144	1	144	145
145	1	145	146
146	1	146	147
147	1	147	148
148	1	148	149
149	1	149	150
150	1	150	151
151	1	151	152
152	1	152	153
153	1	153	154
154	1	154	155
155	1	155	156
156	1	156	157
157	1	157	158
158	1	158	159
159	1	159	160
160	1	160	161
161	1	161	162
162	1	162	163

