mass	1	71.08000000000000
mass	2	156.2000000000000
mass	3	114.1000000000000
mass	4	115.1000000000000
mass	5	103.1000000000000
mass	6	128.1000000000000
mass	7	129.1000000000000
mass	8	57.05000000000000
mass	9	137.1000000000000
mass	10	113.2000000000000
mass	11	113.2000000000000
mass	12	128.2000000000000
mass	13	131.2000000000000
mass	14	147.2000000000000
mass	15	97.12000000000000
mass	16	87.08000000000000
mass	17	101.1000000000000
mass	18	186.2000000000000
mass	19	163.2000000000000
mass	20	99.06999999999999

bond_coeff	1	10.00000000000000	3.820000000000000

pair_coeff	1	1	tanh/power	0.288300044064991	1.000000000000000	7.812000000000000	1.000000000000000	20.16000000000000
pair_coeff	1	1	lj/lambda	0.2000000	5.0400000	0.0000000	20.160000	0.0000000
pair_coeff	1	2	tanh/power	-0.00999999999692	1.000000000000000	8.990000000000000	1.000000000000000	23.20000000000000
pair_coeff	1	2	lj/lambda	0.2000000	5.8000000	0.0000000	23.200000	0.0000000
pair_coeff	2	2	tanh/power	-0.01000000000417	1.000000000000000	10.16800000000000	1.000000000000000	26.24000000000000
pair_coeff	2	2	lj/lambda	0.2000000	6.5600000	0.0000000	26.240000	35.000000
pair_coeff	1	3	tanh/power	-0.15747609036174	1.000000000000000	8.308000000000000	1.000000000000000	21.44000000000000
pair_coeff	1	3	lj/lambda	0.2000000	5.3600000	0.0000000	21.440000	0.0000000
pair_coeff	2	3	tanh/power	-0.00999999999953	1.000000000000000	9.485999999999999	1.000000000000000	24.48000000000000
pair_coeff	2	3	lj/lambda	0.2000000	6.1200000	0.0000000	24.480000	0.0000000
pair_coeff	3	3	tanh/power	-0.15202811704473	1.000000000000000	8.804000000000000	1.000000000000000	22.72000000000000
pair_coeff	3	3	lj/lambda	0.2000000	5.6800000	0.0000000	22.720000	0.0000000
pair_coeff	1	4	tanh/power	-0.22317561818777	1.000000000000000	8.230500000000001	1.000000000000000	21.24000000000000
pair_coeff	1	4	lj/lambda	0.2000000	5.3100000	0.0000000	21.240000	0.0000000
pair_coeff	2	4	tanh/power	-0.01000000000140	1.000000000000000	9.408500000000000	1.000000000000000	24.28000000000000
pair_coeff	2	4	lj/lambda	0.2000000	6.0700000	0.0000000	24.280000	35.000000
pair_coeff	3	4	tanh/power	-0.31678793094952	1.000000000000000	8.726500000000000	1.000000000000000	22.52000000000000
pair_coeff	3	4	lj/lambda	0.2000000	5.6300000	0.0000000	22.520000	0.0000000
pair_coeff	4	4	tanh/power	-0.82058911693483	1.000000000000000	8.649000000000001	1.000000000000000	22.32000000000000
pair_coeff	4	4	lj/lambda	0.2000000	5.5800000	0.0000000	22.320000	35.000000
pair_coeff	1	5	tanh/power	-0.01000000000168	1.000000000000000	8.153000000000000	1.000000000000000	21.04000000000000
pair_coeff	1	5	lj/lambda	0.2000000	5.2600000	0.0000000	21.040000	0.0000000
pair_coeff	2	5	tanh/power	-0.01000000000082	1.000000000000000	9.331000000000000	1.000000000000000	24.08000000000000
pair_coeff	2	5	lj/lambda	0.2000000	6.0200000	0.0000000	24.080000	0.0000000
pair_coeff	3	5	tanh/power	-0.01000000000098	1.000000000000000	8.649000000000001	1.000000000000000	22.32000000000000
pair_coeff	3	5	lj/lambda	0.2000000	5.5800000	0.0000000	22.320000	0.0000000
pair_coeff	4	5	tanh/power	-0.01000000000046	1.000000000000000	8.571500000000000	1.000000000000000	22.12000000000000
pair_coeff	4	5	lj/lambda	0.2000000	5.5300000	0.0000000	22.120000	0.0000000
pair_coeff	5	5	tanh/power	-0.01000000000064	1.000000000000000	8.494000000000002	1.000000000000000	21.92000000000000
pair_coeff	5	5	lj/lambda	0.2000000	5.4800000	0.0000000	21.920000	0.0000000
pair_coeff	1	6	tanh/power	-0.18549461641229	1.000000000000000	8.571499999999999	1.000000000000000	22.12000000000000
pair_coeff	1	6	lj/lambda	0.2000000	5.5300000	0.0000000	22.120000	0.0000000
pair_coeff	2	6	tanh/power	-0.01000000000023	1.000000000000000	9.749499999999999	1.000000000000000	25.16000000000000
pair_coeff	2	6	lj/lambda	0.2000000	6.2900000	0.0000000	25.160000	0.0000000
pair_coeff	3	6	tanh/power	-0.25212656526889	1.000000000000000	9.067499999999999	1.000000000000000	23.40000000000000
pair_coeff	3	6	lj/lambda	0.2000000	5.8500000	0.0000000	23.400000	0.0000000
pair_coeff	4	6	tanh/power	-0.16865499334759	1.000000000000000	8.990000000000000	1.000000000000000	23.20000000000000
pair_coeff	4	6	lj/lambda	0.2000000	5.8000000	0.0000000	23.200000	0.0000000
pair_coeff	5	6	tanh/power	-0.01000000000060	1.000000000000000	8.912500000000000	1.000000000000000	23.00000000000000
pair_coeff	5	6	lj/lambda	0.2000000	5.7500000	0.0000000	23.000000	0.0000000
pair_coeff	6	6	tanh/power	-0.18617388573718	1.000000000000000	9.331000000000000	1.000000000000000	24.08000000000000
pair_coeff	6	6	lj/lambda	0.2000000	6.0200000	0.0000000	24.080000	0.0000000
pair_coeff	1	7	tanh/power	-0.00999999999978	1.000000000000000	8.494000000000002	1.000000000000000	21.92000000000000
pair_coeff	1	7	lj/lambda	0.2000000	5.4800000	0.0000000	21.920000	0.0000000
pair_coeff	2	7	tanh/power	-0.00999999999926	1.000000000000000	9.672000000000001	1.000000000000000	24.96000000000000
pair_coeff	2	7	lj/lambda	0.2000000	6.2400000	0.0000000	24.960000	35.000000
pair_coeff	3	7	tanh/power	-0.01000000000042	1.000000000000000	8.990000000000000	1.000000000000000	23.20000000000000
pair_coeff	3	7	lj/lambda	0.2000000	5.8000000	0.0000000	23.200000	0.0000000
pair_coeff	4	7	tanh/power	-0.01000000000032	1.000000000000000	8.912500000000000	1.000000000000000	23.00000000000000
pair_coeff	4	7	lj/lambda	0.2000000	5.7500000	0.0000000	23.000000	35.000000
pair_coeff	5	7	tanh/power	-0.01000000000014	1.000000000000000	8.835000000000001	1.000000000000000	22.80000000000000
pair_coeff	5	7	lj/lambda	0.2000000	5.7000000	0.0000000	22.800000	0.0000000
pair_coeff	6	7	tanh/power	-0.00999999999919	1.000000000000000	9.253500000000001	1.000000000000000	23.88000000000000
pair_coeff	6	7	lj/lambda	0.2000000	5.9700000	0.0000000	23.880000	0.0000000
pair_coeff	7	7	tanh/power	-0.00999999999996	1.000000000000000	9.176000000000000	1.000000000000000	23.68000000000000
pair_coeff	7	7	lj/lambda	0.2000000	5.9200000	0.0000000	23.680000	35.000000
pair_coeff	1	8	tanh/power	-0.13613484085171	1.000000000000000	7.393500000000000	1.000000000000000	19.08000000000000
pair_coeff	1	8	lj/lambda	0.2000000	4.7700000	0.0000000	19.080000	0.0000000
pair_coeff	2	8	tanh/power	-0.00999999999987	1.000000000000000	8.571499999999999	1.000000000000000	22.12000000000000
pair_coeff	2	8	lj/lambda	0.2000000	5.5300000	0.0000000	22.120000	0.0000000
pair_coeff	3	8	tanh/power	-0.26239999576877	1.000000000000000	7.889500000000000	1.000000000000000	20.36000000000000
pair_coeff	3	8	lj/lambda	0.2000000	5.0900000	0.0000000	20.360000	0.0000000
pair_coeff	4	8	tanh/power	-0.23578223623801	1.000000000000000	7.812000000000000	1.000000000000000	20.16000000000000
pair_coeff	4	8	lj/lambda	0.2000000	5.0400000	0.0000000	20.160000	0.0000000
pair_coeff	5	8	tanh/power	-0.01000000000015	1.000000000000000	7.734500000000001	1.000000000000000	19.96000000000000
pair_coeff	5	8	lj/lambda	0.2000000	4.9900000	0.0000000	19.960000	0.0000000
pair_coeff	6	8	tanh/power	-0.24634001593110	1.000000000000000	8.153000000000000	1.000000000000000	21.04000000000000
pair_coeff	6	8	lj/lambda	0.2000000	5.2600000	0.0000000	21.040000	0.0000000
pair_coeff	7	8	tanh/power	-0.00999999999998	1.000000000000000	8.075500000000000	1.000000000000000	20.84000000000000
pair_coeff	7	8	lj/lambda	0.2000000	5.2100000	0.0000000	20.840000	0.0000000
pair_coeff	8	8	tanh/power	-0.25358905896604	1.000000000000000	6.975000000000001	1.000000000000000	18.00000000000000
pair_coeff	8	8	lj/lambda	0.2000000	4.5000000	0.0000000	18.000000	0.0000000
pair_coeff	1	9	tanh/power	-0.00999999999999	1.000000000000000	8.618000000000000	1.000000000000000	22.24000000000000
pair_coeff	1	9	lj/lambda	0.2000000	5.5600000	0.0000000	22.240000	0.0000000
pair_coeff	2	9	tanh/power	-0.00999999999999	1.000000000000000	9.796000000000001	1.000000000000000	25.28000000000000
pair_coeff	2	9	lj/lambda	0.2000000	6.3200000	0.0000000	25.280000	0.0000000
pair_coeff	3	9	tanh/power	-0.00999999999999	1.000000000000000	9.114000000000001	1.000000000000000	23.52000000000000
pair_coeff	3	9	lj/lambda	0.2000000	5.8800000	0.0000000	23.520000	0.0000000
pair_coeff	4	9	tanh/power	-0.01000000000000	1.000000000000000	9.036500000000000	1.000000000000000	23.32000000000000
pair_coeff	4	9	lj/lambda	0.2000000	5.8300000	0.0000000	23.320000	0.0000000
pair_coeff	5	9	tanh/power	-0.01000000000001	1.000000000000000	8.959000000000001	1.000000000000000	23.12000000000000
pair_coeff	5	9	lj/lambda	0.2000000	5.7800000	0.0000000	23.120000	0.0000000
pair_coeff	6	9	tanh/power	-0.00999999999999	1.000000000000000	9.377500000000000	1.000000000000000	24.20000000000000
pair_coeff	6	9	lj/lambda	0.2000000	6.0500000	0.0000000	24.200000	0.0000000
pair_coeff	7	9	tanh/power	-0.01000000000000	1.000000000000000	9.300000000000001	1.000000000000000	24.00000000000000
pair_coeff	7	9	lj/lambda	0.2000000	6.0000000	0.0000000	24.000000	0.0000000
pair_coeff	8	9	tanh/power	-0.01000000000000	1.000000000000000	8.199500000000000	1.000000000000000	21.16000000000000
pair_coeff	8	9	lj/lambda	0.2000000	5.2900000	0.0000000	21.160000	0.0000000
pair_coeff	9	9	tanh/power	-0.00999999999999	1.000000000000000	9.424000000000001	1.000000000000000	24.32000000000000
pair_coeff	9	9	lj/lambda	0.2000000	6.0800000	0.0000000	24.320000	0.0000000
pair_coeff	1	10	tanh/power	-0.00999999999999	1.000000000000000	8.695499999999999	1.000000000000000	22.44000000000000
pair_coeff	1	10	lj/lambda	0.2000000	5.6100000	0.0000000	22.440000	0.0000000
pair_coeff	2	10	tanh/power	-0.01000000000002	1.000000000000000	9.873500000000000	1.000000000000000	25.48000000000000
pair_coeff	2	10	lj/lambda	0.2000000	6.3700000	0.0000000	25.480000	0.0000000
pair_coeff	3	10	tanh/power	-0.01000000000001	1.000000000000000	9.191500000000000	1.000000000000000	23.72000000000000
pair_coeff	3	10	lj/lambda	0.2000000	5.9300000	0.0000000	23.720000	0.0000000
pair_coeff	4	10	tanh/power	-0.01000000000001	1.000000000000000	9.114000000000001	1.000000000000000	23.52000000000000
pair_coeff	4	10	lj/lambda	0.2000000	5.8800000	0.0000000	23.520000	0.0000000
pair_coeff	5	10	tanh/power	-0.00999999999999	1.000000000000000	9.036500000000000	1.000000000000000	23.32000000000000
pair_coeff	5	10	lj/lambda	0.2000000	5.8300000	0.0000000	23.320000	0.0000000
pair_coeff	6	10	tanh/power	-0.01000000000000	1.000000000000000	9.455000000000000	1.000000000000000	24.40000000000000
pair_coeff	6	10	lj/lambda	0.2000000	6.1000000	0.0000000	24.400000	0.0000000
pair_coeff	7	10	tanh/power	-0.01000000000000	1.000000000000000	9.377500000000000	1.000000000000000	24.20000000000000
pair_coeff	7	10	lj/lambda	0.2000000	6.0500000	0.0000000	24.200000	0.0000000
pair_coeff	8	10	tanh/power	-0.00999999999999	1.000000000000000	8.276999999999999	1.000000000000000	21.36000000000000
pair_coeff	8	10	lj/lambda	0.2000000	5.3400000	0.0000000	21.360000	0.0000000
pair_coeff	9	10	tanh/power	-0.01000000000001	1.000000000000000	9.501500000000000	1.000000000000000	24.52000000000000
pair_coeff	9	10	lj/lambda	0.2000000	6.1300000	0.0000000	24.520000	0.0000000
pair_coeff	10	10	tanh/power	-0.01000000000000	1.000000000000000	9.579000000000001	1.000000000000000	24.72000000000000
pair_coeff	10	10	lj/lambda	0.2000000	6.1800000	0.0000000	24.720000	0.0000000
pair_coeff	1	11	tanh/power	-0.01000000000000	1.000000000000000	8.695499999999999	1.000000000000000	22.44000000000000
pair_coeff	1	11	lj/lambda	0.2000000	5.6100000	0.0000000	22.440000	0.0000000
pair_coeff	2	11	tanh/power	-0.01000000000000	1.000000000000000	9.873500000000000	1.000000000000000	25.48000000000000
pair_coeff	2	11	lj/lambda	0.2000000	6.3700000	0.0000000	25.480000	0.0000000
pair_coeff	3	11	tanh/power	-0.01000000000000	1.000000000000000	9.191500000000000	1.000000000000000	23.72000000000000
pair_coeff	3	11	lj/lambda	0.2000000	5.9300000	0.0000000	23.720000	0.0000000
pair_coeff	4	11	tanh/power	-0.01000000000000	1.000000000000000	9.114000000000001	1.000000000000000	23.52000000000000
pair_coeff	4	11	lj/lambda	0.2000000	5.8800000	0.0000000	23.520000	0.0000000
pair_coeff	5	11	tanh/power	-0.01000000000000	1.000000000000000	9.036500000000000	1.000000000000000	23.32000000000000
pair_coeff	5	11	lj/lambda	0.2000000	5.8300000	0.0000000	23.320000	0.0000000
pair_coeff	6	11	tanh/power	-0.01000000000000	1.000000000000000	9.455000000000000	1.000000000000000	24.40000000000000
pair_coeff	6	11	lj/lambda	0.2000000	6.1000000	0.0000000	24.400000	0.0000000
pair_coeff	7	11	tanh/power	-0.01000000000000	1.000000000000000	9.377500000000000	1.000000000000000	24.20000000000000
pair_coeff	7	11	lj/lambda	0.2000000	6.0500000	0.0000000	24.200000	0.0000000
pair_coeff	8	11	tanh/power	-0.01000000000000	1.000000000000000	8.276999999999999	1.000000000000000	21.36000000000000
pair_coeff	8	11	lj/lambda	0.2000000	5.3400000	0.0000000	21.360000	0.0000000
pair_coeff	9	11	tanh/power	-0.01000000000000	1.000000000000000	9.501500000000000	1.000000000000000	24.52000000000000
pair_coeff	9	11	lj/lambda	0.2000000	6.1300000	0.0000000	24.520000	0.0000000
pair_coeff	10	11	tanh/power	-0.01000000000000	1.000000000000000	9.579000000000001	1.000000000000000	24.72000000000000
pair_coeff	10	11	lj/lambda	0.2000000	6.1800000	0.0000000	24.720000	0.0000000
pair_coeff	11	11	tanh/power	-0.01000000000000	1.000000000000000	9.579000000000001	1.000000000000000	24.72000000000000
pair_coeff	11	11	lj/lambda	0.2000000	6.1800000	0.0000000	24.720000	0.0000000
pair_coeff	1	12	tanh/power	-0.01000000000000	1.000000000000000	8.835000000000001	1.000000000000000	22.80000000000000
pair_coeff	1	12	lj/lambda	0.2000000	5.7000000	0.0000000	22.800000	0.0000000
pair_coeff	2	12	tanh/power	-0.01000000000000	1.000000000000000	10.01300000000000	1.000000000000000	25.84000000000000
pair_coeff	2	12	lj/lambda	0.2000000	6.4600000	0.0000000	25.840000	35.000000
pair_coeff	3	12	tanh/power	-0.01000000000000	1.000000000000000	9.331000000000000	1.000000000000000	24.08000000000000
pair_coeff	3	12	lj/lambda	0.2000000	6.0200000	0.0000000	24.080000	0.0000000
pair_coeff	4	12	tanh/power	-0.01000000000000	1.000000000000000	9.253500000000001	1.000000000000000	23.88000000000000
pair_coeff	4	12	lj/lambda	0.2000000	5.9700000	0.0000000	23.880000	35.000000
pair_coeff	5	12	tanh/power	-0.01000000000000	1.000000000000000	9.176000000000000	1.000000000000000	23.68000000000000
pair_coeff	5	12	lj/lambda	0.2000000	5.9200000	0.0000000	23.680000	0.0000000
pair_coeff	6	12	tanh/power	-0.01000000000000	1.000000000000000	9.594500000000000	1.000000000000000	24.76000000000000
pair_coeff	6	12	lj/lambda	0.2000000	6.1900000	0.0000000	24.760000	0.0000000
pair_coeff	7	12	tanh/power	-0.01000000000000	1.000000000000000	9.517000000000001	1.000000000000000	24.56000000000000
pair_coeff	7	12	lj/lambda	0.2000000	6.1400000	0.0000000	24.560000	35.000000
pair_coeff	8	12	tanh/power	-0.01000000000000	1.000000000000000	8.416499999999999	1.000000000000000	21.72000000000000
pair_coeff	8	12	lj/lambda	0.2000000	5.4300000	0.0000000	21.720000	0.0000000
pair_coeff	9	12	tanh/power	-0.01000000000000	1.000000000000000	9.641000000000002	1.000000000000000	24.88000000000000
pair_coeff	9	12	lj/lambda	0.2000000	6.2200000	0.0000000	24.880000	0.0000000
pair_coeff	10	12	tanh/power	-0.01000000000000	1.000000000000000	9.718499999999999	1.000000000000000	25.08000000000000
pair_coeff	10	12	lj/lambda	0.2000000	6.2700000	0.0000000	25.080000	0.0000000
pair_coeff	11	12	tanh/power	-0.01000000000000	1.000000000000000	9.718499999999999	1.000000000000000	25.08000000000000
pair_coeff	11	12	lj/lambda	0.2000000	6.2700000	0.0000000	25.080000	0.0000000
pair_coeff	12	12	tanh/power	-0.01000000000000	1.000000000000000	9.858000000000001	1.000000000000000	25.44000000000000
pair_coeff	12	12	lj/lambda	0.2000000	6.3600000	0.0000000	25.440000	35.000000
pair_coeff	1	13	tanh/power	-0.19522452276438	1.000000000000000	8.695499999999999	1.000000000000000	22.44000000000000
pair_coeff	1	13	lj/lambda	0.2000000	5.6100000	0.0000000	22.440000	0.0000000
pair_coeff	2	13	tanh/power	-0.01000000000000	1.000000000000000	9.873500000000000	1.000000000000000	25.48000000000000
pair_coeff	2	13	lj/lambda	0.2000000	6.3700000	0.0000000	25.480000	0.0000000
pair_coeff	3	13	tanh/power	-0.74348864953531	1.000000000000000	9.191500000000000	1.000000000000000	23.72000000000000
pair_coeff	3	13	lj/lambda	0.2000000	5.9300000	0.0000000	23.720000	0.0000000
pair_coeff	4	13	tanh/power	0.062880668108173	1.000000000000000	9.114000000000001	1.000000000000000	23.52000000000000
pair_coeff	4	13	lj/lambda	0.2000000	5.8800000	0.0000000	23.520000	0.0000000
pair_coeff	5	13	tanh/power	-0.01000000000000	1.000000000000000	9.036500000000000	1.000000000000000	23.32000000000000
pair_coeff	5	13	lj/lambda	0.2000000	5.8300000	0.0000000	23.320000	0.0000000
pair_coeff	6	13	tanh/power	-0.30355837118173	1.000000000000000	9.455000000000000	1.000000000000000	24.40000000000000
pair_coeff	6	13	lj/lambda	0.2000000	6.1000000	0.0000000	24.400000	0.0000000
pair_coeff	7	13	tanh/power	-0.01000000000000	1.000000000000000	9.377500000000000	1.000000000000000	24.20000000000000
pair_coeff	7	13	lj/lambda	0.2000000	6.0500000	0.0000000	24.200000	0.0000000
pair_coeff	8	13	tanh/power	-0.28299688188816	1.000000000000000	8.276999999999999	1.000000000000000	21.36000000000000
pair_coeff	8	13	lj/lambda	0.2000000	5.3400000	0.0000000	21.360000	0.0000000
pair_coeff	9	13	tanh/power	-0.01000000000000	1.000000000000000	9.501500000000000	1.000000000000000	24.52000000000000
pair_coeff	9	13	lj/lambda	0.2000000	6.1300000	0.0000000	24.520000	0.0000000
pair_coeff	10	13	tanh/power	-0.01000000000000	1.000000000000000	9.579000000000001	1.000000000000000	24.72000000000000
pair_coeff	10	13	lj/lambda	0.2000000	6.1800000	0.0000000	24.720000	0.0000000
pair_coeff	11	13	tanh/power	-0.01000000000000	1.000000000000000	9.579000000000001	1.000000000000000	24.72000000000000
pair_coeff	11	13	lj/lambda	0.2000000	6.1800000	0.0000000	24.720000	0.0000000
pair_coeff	12	13	tanh/power	-0.01000000000000	1.000000000000000	9.718499999999999	1.000000000000000	25.08000000000000
pair_coeff	12	13	lj/lambda	0.2000000	6.2700000	0.0000000	25.080000	0.0000000
pair_coeff	13	13	tanh/power	-0.01000000000000	1.000000000000000	9.579000000000001	1.000000000000000	24.72000000000000
pair_coeff	13	13	lj/lambda	0.2000000	6.1800000	0.0000000	24.720000	0.0000000
pair_coeff	1	14	tanh/power	-0.01000000000000	1.000000000000000	8.835000000000001	1.000000000000000	22.80000000000000
pair_coeff	1	14	lj/lambda	0.2000000	5.7000000	0.0000000	22.800000	0.0000000
pair_coeff	2	14	tanh/power	-0.01000000000000	1.000000000000000	10.01300000000000	1.000000000000000	25.84000000000000
pair_coeff	2	14	lj/lambda	0.2000000	6.4600000	0.0000000	25.840000	0.0000000
pair_coeff	3	14	tanh/power	-0.01000000000000	1.000000000000000	9.331000000000000	1.000000000000000	24.08000000000000
pair_coeff	3	14	lj/lambda	0.2000000	6.0200000	0.0000000	24.080000	0.0000000
pair_coeff	4	14	tanh/power	-0.01000000000000	1.000000000000000	9.253500000000001	1.000000000000000	23.88000000000000
pair_coeff	4	14	lj/lambda	0.2000000	5.9700000	0.0000000	23.880000	0.0000000
pair_coeff	5	14	tanh/power	-0.01000000000000	1.000000000000000	9.176000000000000	1.000000000000000	23.68000000000000
pair_coeff	5	14	lj/lambda	0.2000000	5.9200000	0.0000000	23.680000	0.0000000
pair_coeff	6	14	tanh/power	-0.01000000000000	1.000000000000000	9.594500000000000	1.000000000000000	24.76000000000000
pair_coeff	6	14	lj/lambda	0.2000000	6.1900000	0.0000000	24.760000	0.0000000
pair_coeff	7	14	tanh/power	-0.01000000000000	1.000000000000000	9.517000000000001	1.000000000000000	24.56000000000000
pair_coeff	7	14	lj/lambda	0.2000000	6.1400000	0.0000000	24.560000	0.0000000
pair_coeff	8	14	tanh/power	-0.01000000000000	1.000000000000000	8.416499999999999	1.000000000000000	21.72000000000000
pair_coeff	8	14	lj/lambda	0.2000000	5.4300000	0.0000000	21.720000	0.0000000
pair_coeff	9	14	tanh/power	-0.01000000000000	1.000000000000000	9.641000000000002	1.000000000000000	24.88000000000000
pair_coeff	9	14	lj/lambda	0.2000000	6.2200000	0.0000000	24.880000	0.0000000
pair_coeff	10	14	tanh/power	-0.01000000000000	1.000000000000000	9.718499999999999	1.000000000000000	25.08000000000000
pair_coeff	10	14	lj/lambda	0.2000000	6.2700000	0.0000000	25.080000	0.0000000
pair_coeff	11	14	tanh/power	-0.01000000000000	1.000000000000000	9.718499999999999	1.000000000000000	25.08000000000000
pair_coeff	11	14	lj/lambda	0.2000000	6.2700000	0.0000000	25.080000	0.0000000
pair_coeff	12	14	tanh/power	-0.01000000000000	1.000000000000000	9.858000000000001	1.000000000000000	25.44000000000000
pair_coeff	12	14	lj/lambda	0.2000000	6.3600000	0.0000000	25.440000	0.0000000
pair_coeff	13	14	tanh/power	-0.01000000000000	1.000000000000000	9.718499999999999	1.000000000000000	25.08000000000000
pair_coeff	13	14	lj/lambda	0.2000000	6.2700000	0.0000000	25.080000	0.0000000
pair_coeff	14	14	tanh/power	-0.01000000000000	1.000000000000000	9.858000000000001	1.000000000000000	25.44000000000000
pair_coeff	14	14	lj/lambda	0.2000000	6.3600000	0.0000000	25.440000	0.0000000
pair_coeff	1	15	tanh/power	0.076270731590522	1.000000000000000	8.215000000000000	1.000000000000000	21.20000000000000
pair_coeff	1	15	lj/lambda	0.2000000	5.3000000	0.0000000	21.200000	0.0000000
pair_coeff	2	15	tanh/power	-0.01000000000000	1.000000000000000	9.392999999999999	1.000000000000000	24.24000000000000
pair_coeff	2	15	lj/lambda	0.2000000	6.0600000	0.0000000	24.240000	0.0000000
pair_coeff	3	15	tanh/power	-0.16616621697034	1.000000000000000	8.710999999999999	1.000000000000000	22.48000000000000
pair_coeff	3	15	lj/lambda	0.2000000	5.6200000	0.0000000	22.480000	0.0000000
pair_coeff	4	15	tanh/power	0.109325367394509	1.000000000000000	8.633500000000002	1.000000000000000	22.28000000000000
pair_coeff	4	15	lj/lambda	0.2000000	5.5700000	0.0000000	22.280000	0.0000000
pair_coeff	5	15	tanh/power	-0.01000000000000	1.000000000000000	8.555999999999999	1.000000000000000	22.08000000000000
pair_coeff	5	15	lj/lambda	0.2000000	5.5200000	0.0000000	22.080000	0.0000000
pair_coeff	6	15	tanh/power	-0.18515435215810	1.000000000000000	8.974499999999999	1.000000000000000	23.16000000000000
pair_coeff	6	15	lj/lambda	0.2000000	5.7900000	0.0000000	23.160000	0.0000000
pair_coeff	7	15	tanh/power	-0.01000000000000	1.000000000000000	8.897000000000000	1.000000000000000	22.96000000000000
pair_coeff	7	15	lj/lambda	0.2000000	5.7400000	0.0000000	22.960000	0.0000000
pair_coeff	8	15	tanh/power	-0.24313442135065	1.000000000000000	7.796499999999999	1.000000000000000	20.12000000000000
pair_coeff	8	15	lj/lambda	0.2000000	5.0300000	0.0000000	20.120000	0.0000000
pair_coeff	9	15	tanh/power	-0.01000000000000	1.000000000000000	9.021000000000001	1.000000000000000	23.28000000000000
pair_coeff	9	15	lj/lambda	0.2000000	5.8200000	0.0000000	23.280000	0.0000000
pair_coeff	10	15	tanh/power	-0.01000000000000	1.000000000000000	9.098500000000000	1.000000000000000	23.48000000000000
pair_coeff	10	15	lj/lambda	0.2000000	5.8700000	0.0000000	23.480000	0.0000000
pair_coeff	11	15	tanh/power	-0.01000000000000	1.000000000000000	9.098500000000000	1.000000000000000	23.48000000000000
pair_coeff	11	15	lj/lambda	0.2000000	5.8700000	0.0000000	23.480000	0.0000000
pair_coeff	12	15	tanh/power	-0.01000000000000	1.000000000000000	9.238000000000000	1.000000000000000	23.84000000000000
pair_coeff	12	15	lj/lambda	0.2000000	5.9600000	0.0000000	23.840000	0.0000000
pair_coeff	13	15	tanh/power	-0.08796716239113	1.000000000000000	9.098500000000000	1.000000000000000	23.48000000000000
pair_coeff	13	15	lj/lambda	0.2000000	5.8700000	0.0000000	23.480000	0.0000000
pair_coeff	14	15	tanh/power	-0.01000000000000	1.000000000000000	9.238000000000000	1.000000000000000	23.84000000000000
pair_coeff	14	15	lj/lambda	0.2000000	5.9600000	0.0000000	23.840000	0.0000000
pair_coeff	15	15	tanh/power	-0.11205445020420	1.000000000000000	8.618000000000000	1.000000000000000	22.24000000000000
pair_coeff	15	15	lj/lambda	0.2000000	5.5600000	0.0000000	22.240000	0.0000000
pair_coeff	1	16	tanh/power	-0.10599766478626	1.000000000000000	7.920500000000000	1.000000000000000	20.44000000000000
pair_coeff	1	16	lj/lambda	0.2000000	5.1100000	0.0000000	20.440000	0.0000000
pair_coeff	2	16	tanh/power	-0.01000000000000	1.000000000000000	9.098500000000000	1.000000000000000	23.48000000000000
pair_coeff	2	16	lj/lambda	0.2000000	5.8700000	0.0000000	23.480000	0.0000000
pair_coeff	3	16	tanh/power	-0.23466261470325	1.000000000000000	8.416499999999999	1.000000000000000	21.72000000000000
pair_coeff	3	16	lj/lambda	0.2000000	5.4300000	0.0000000	21.720000	0.0000000
pair_coeff	4	16	tanh/power	-0.10410728397270	1.000000000000000	8.339000000000000	1.000000000000000	21.52000000000000
pair_coeff	4	16	lj/lambda	0.2000000	5.3800000	0.0000000	21.520000	0.0000000
pair_coeff	5	16	tanh/power	-0.01000000000000	1.000000000000000	8.261500000000000	1.000000000000000	21.32000000000000
pair_coeff	5	16	lj/lambda	0.2000000	5.3300000	0.0000000	21.320000	0.0000000
pair_coeff	6	16	tanh/power	-0.18989628257610	1.000000000000000	8.680000000000000	1.000000000000000	22.40000000000000
pair_coeff	6	16	lj/lambda	0.2000000	5.6000000	0.0000000	22.400000	0.0000000
pair_coeff	7	16	tanh/power	-0.01000000000000	1.000000000000000	8.602499999999999	1.000000000000000	22.20000000000000
pair_coeff	7	16	lj/lambda	0.2000000	5.5500000	0.0000000	22.200000	0.0000000
pair_coeff	8	16	tanh/power	-0.30441763618640	1.000000000000000	7.502000000000000	1.000000000000000	19.36000000000000
pair_coeff	8	16	lj/lambda	0.2000000	4.8400000	0.0000000	19.360000	0.0000000
pair_coeff	9	16	tanh/power	-0.01000000000000	1.000000000000000	8.726500000000000	1.000000000000000	22.52000000000000
pair_coeff	9	16	lj/lambda	0.2000000	5.6300000	0.0000000	22.520000	0.0000000
pair_coeff	10	16	tanh/power	-0.01000000000000	1.000000000000000	8.804000000000000	1.000000000000000	22.72000000000000
pair_coeff	10	16	lj/lambda	0.2000000	5.6800000	0.0000000	22.720000	0.0000000
pair_coeff	11	16	tanh/power	-0.01000000000000	1.000000000000000	8.804000000000000	1.000000000000000	22.72000000000000
pair_coeff	11	16	lj/lambda	0.2000000	5.6800000	0.0000000	22.720000	0.0000000
pair_coeff	12	16	tanh/power	-0.01000000000000	1.000000000000000	8.943500000000000	1.000000000000000	23.08000000000000
pair_coeff	12	16	lj/lambda	0.2000000	5.7700000	0.0000000	23.080000	0.0000000
pair_coeff	13	16	tanh/power	-0.32676710204692	1.000000000000000	8.804000000000000	1.000000000000000	22.72000000000000
pair_coeff	13	16	lj/lambda	0.2000000	5.6800000	0.0000000	22.720000	0.0000000
pair_coeff	14	16	tanh/power	-0.01000000000000	1.000000000000000	8.943500000000000	1.000000000000000	23.08000000000000
pair_coeff	14	16	lj/lambda	0.2000000	5.7700000	0.0000000	23.080000	0.0000000
pair_coeff	15	16	tanh/power	-0.19275868474148	1.000000000000000	8.323499999999999	1.000000000000000	21.48000000000000
pair_coeff	15	16	lj/lambda	0.2000000	5.3700000	0.0000000	21.480000	0.0000000
pair_coeff	16	16	tanh/power	-0.24527144679806	1.000000000000000	8.029000000000000	1.000000000000000	20.72000000000000
pair_coeff	16	16	lj/lambda	0.2000000	5.1800000	0.0000000	20.720000	0.0000000
pair_coeff	1	17	tanh/power	-0.48159146498254	1.000000000000000	8.261500000000000	1.000000000000000	21.32000000000000
pair_coeff	1	17	lj/lambda	0.2000000	5.3300000	0.0000000	21.320000	0.0000000
pair_coeff	2	17	tanh/power	-0.01000000000000	1.000000000000000	9.439500000000001	1.000000000000000	24.36000000000000
pair_coeff	2	17	lj/lambda	0.2000000	6.0900000	0.0000000	24.360000	0.0000000
pair_coeff	3	17	tanh/power	-0.04916778179418	1.000000000000000	8.757500000000000	1.000000000000000	22.60000000000000
pair_coeff	3	17	lj/lambda	0.2000000	5.6500000	0.0000000	22.600000	0.0000000
pair_coeff	4	17	tanh/power	0.143430193129221	1.000000000000000	8.680000000000000	1.000000000000000	22.40000000000000
pair_coeff	4	17	lj/lambda	0.2000000	5.6000000	0.0000000	22.400000	0.0000000
pair_coeff	5	17	tanh/power	-0.01000000000000	1.000000000000000	8.602500000000001	1.000000000000000	22.20000000000000
pair_coeff	5	17	lj/lambda	0.2000000	5.5500000	0.0000000	22.200000	0.0000000
pair_coeff	6	17	tanh/power	-0.17127059032262	1.000000000000000	9.021000000000001	1.000000000000000	23.28000000000000
pair_coeff	6	17	lj/lambda	0.2000000	5.8200000	0.0000000	23.280000	0.0000000
pair_coeff	7	17	tanh/power	-0.01000000000000	1.000000000000000	8.943500000000000	1.000000000000000	23.08000000000000
pair_coeff	7	17	lj/lambda	0.2000000	5.7700000	0.0000000	23.080000	0.0000000
pair_coeff	8	17	tanh/power	-0.20656386609368	1.000000000000000	7.843000000000001	1.000000000000000	20.24000000000000
pair_coeff	8	17	lj/lambda	0.2000000	5.0600000	0.0000000	20.240000	0.0000000
pair_coeff	9	17	tanh/power	-0.01000000000000	1.000000000000000	9.067499999999999	1.000000000000000	23.40000000000000
pair_coeff	9	17	lj/lambda	0.2000000	5.8500000	0.0000000	23.400000	0.0000000
pair_coeff	10	17	tanh/power	-0.01000000000000	1.000000000000000	9.145000000000001	1.000000000000000	23.60000000000000
pair_coeff	10	17	lj/lambda	0.2000000	5.9000000	0.0000000	23.600000	0.0000000
pair_coeff	11	17	tanh/power	-0.01000000000000	1.000000000000000	9.145000000000001	1.000000000000000	23.60000000000000
pair_coeff	11	17	lj/lambda	0.2000000	5.9000000	0.0000000	23.600000	0.0000000
pair_coeff	12	17	tanh/power	-0.01000000000000	1.000000000000000	9.284500000000001	1.000000000000000	23.96000000000000
pair_coeff	12	17	lj/lambda	0.2000000	5.9900000	0.0000000	23.960000	0.0000000
pair_coeff	13	17	tanh/power	-0.30306264937664	1.000000000000000	9.145000000000001	1.000000000000000	23.60000000000000
pair_coeff	13	17	lj/lambda	0.2000000	5.9000000	0.0000000	23.600000	0.0000000
pair_coeff	14	17	tanh/power	-0.01000000000000	1.000000000000000	9.284500000000001	1.000000000000000	23.96000000000000
pair_coeff	14	17	lj/lambda	0.2000000	5.9900000	0.0000000	23.960000	0.0000000
pair_coeff	15	17	tanh/power	-0.08214772130973	1.000000000000000	8.664500000000000	1.000000000000000	22.36000000000000
pair_coeff	15	17	lj/lambda	0.2000000	5.5900000	0.0000000	22.360000	0.0000000
pair_coeff	16	17	tanh/power	-0.15948338735043	1.000000000000000	8.370000000000001	1.000000000000000	21.60000000000000
pair_coeff	16	17	lj/lambda	0.2000000	5.4000000	0.0000000	21.600000	0.0000000
pair_coeff	17	17	tanh/power	-0.29044778477943	1.000000000000000	8.711000000000000	1.000000000000000	22.48000000000000
pair_coeff	17	17	lj/lambda	0.2000000	5.6200000	0.0000000	22.480000	0.0000000
pair_coeff	1	18	tanh/power	-0.01000000000000	1.000000000000000	9.160500000000001	1.000000000000000	23.64000000000000
pair_coeff	1	18	lj/lambda	0.2000000	5.9100000	0.0000000	23.640000	0.0000000
pair_coeff	2	18	tanh/power	-0.01000000000000	1.000000000000000	10.33850000000000	1.000000000000000	26.68000000000000
pair_coeff	2	18	lj/lambda	0.2000000	6.6700000	0.0000000	26.680000	0.0000000
pair_coeff	3	18	tanh/power	-0.01000000000000	1.000000000000000	9.656500000000001	1.000000000000000	24.92000000000000
pair_coeff	3	18	lj/lambda	0.2000000	6.2300000	0.0000000	24.920000	0.0000000
pair_coeff	4	18	tanh/power	-0.01000000000000	1.000000000000000	9.579000000000001	1.000000000000000	24.72000000000000
pair_coeff	4	18	lj/lambda	0.2000000	6.1800000	0.0000000	24.720000	0.0000000
pair_coeff	5	18	tanh/power	-0.01000000000000	1.000000000000000	9.501500000000002	1.000000000000000	24.52000000000000
pair_coeff	5	18	lj/lambda	0.2000000	6.1300000	0.0000000	24.520000	0.0000000
pair_coeff	6	18	tanh/power	-0.01000000000000	1.000000000000000	9.920000000000002	1.000000000000000	25.60000000000000
pair_coeff	6	18	lj/lambda	0.2000000	6.4000000	0.0000000	25.600000	0.0000000
pair_coeff	7	18	tanh/power	-0.01000000000000	1.000000000000000	9.842499999999999	1.000000000000000	25.40000000000000
pair_coeff	7	18	lj/lambda	0.2000000	6.3500000	0.0000000	25.400000	0.0000000
pair_coeff	8	18	tanh/power	-0.01000000000000	1.000000000000000	8.742000000000001	1.000000000000000	22.56000000000000
pair_coeff	8	18	lj/lambda	0.2000000	5.6400000	0.0000000	22.560000	0.0000000
pair_coeff	9	18	tanh/power	-0.01000000000000	1.000000000000000	9.966500000000000	1.000000000000000	25.72000000000000
pair_coeff	9	18	lj/lambda	0.2000000	6.4300000	0.0000000	25.720000	0.0000000
pair_coeff	10	18	tanh/power	-0.01000000000000	1.000000000000000	10.04400000000000	1.000000000000000	25.92000000000000
pair_coeff	10	18	lj/lambda	0.2000000	6.4800000	0.0000000	25.920000	0.0000000
pair_coeff	11	18	tanh/power	-0.01000000000000	1.000000000000000	10.04400000000000	1.000000000000000	25.92000000000000
pair_coeff	11	18	lj/lambda	0.2000000	6.4800000	0.0000000	25.920000	0.0000000
pair_coeff	12	18	tanh/power	-0.01000000000000	1.000000000000000	10.18350000000000	1.000000000000000	26.28000000000000
pair_coeff	12	18	lj/lambda	0.2000000	6.5700000	0.0000000	26.280000	0.0000000
pair_coeff	13	18	tanh/power	-0.01000000000000	1.000000000000000	10.04400000000000	1.000000000000000	25.92000000000000
pair_coeff	13	18	lj/lambda	0.2000000	6.4800000	0.0000000	25.920000	0.0000000
pair_coeff	14	18	tanh/power	-0.01000000000000	1.000000000000000	10.18350000000000	1.000000000000000	26.28000000000000
pair_coeff	14	18	lj/lambda	0.2000000	6.5700000	0.0000000	26.280000	0.0000000
pair_coeff	15	18	tanh/power	-0.01000000000000	1.000000000000000	9.563499999999999	1.000000000000000	24.68000000000000
pair_coeff	15	18	lj/lambda	0.2000000	6.1700000	0.0000000	24.680000	0.0000000
pair_coeff	16	18	tanh/power	-0.01000000000000	1.000000000000000	9.269000000000000	1.000000000000000	23.92000000000000
pair_coeff	16	18	lj/lambda	0.2000000	5.9800000	0.0000000	23.920000	0.0000000
pair_coeff	17	18	tanh/power	-0.01000000000000	1.000000000000000	9.610000000000001	1.000000000000000	24.80000000000000
pair_coeff	17	18	lj/lambda	0.2000000	6.2000000	0.0000000	24.800000	0.0000000
pair_coeff	18	18	tanh/power	-0.01000000000000	1.000000000000000	10.50900000000000	1.000000000000000	27.12000000000000
pair_coeff	18	18	lj/lambda	0.2000000	6.7800000	0.0000000	27.120000	0.0000000
pair_coeff	1	19	tanh/power	-0.29237535164229	1.000000000000000	8.912500000000000	1.000000000000000	23.00000000000000
pair_coeff	1	19	lj/lambda	0.2000000	5.7500000	0.0000000	23.000000	0.0000000
pair_coeff	2	19	tanh/power	-0.01000000000000	1.000000000000000	10.09050000000000	1.000000000000000	26.04000000000000
pair_coeff	2	19	lj/lambda	0.2000000	6.5100000	0.0000000	26.040000	0.0000000
pair_coeff	3	19	tanh/power	-0.13513548009192	1.000000000000000	9.408500000000000	1.000000000000000	24.28000000000000
pair_coeff	3	19	lj/lambda	0.2000000	6.0700000	0.0000000	24.280000	0.0000000
pair_coeff	4	19	tanh/power	-0.04486138574608	1.000000000000000	9.331000000000000	1.000000000000000	24.08000000000000
pair_coeff	4	19	lj/lambda	0.2000000	6.0200000	0.0000000	24.080000	0.0000000
pair_coeff	5	19	tanh/power	-0.01000000000000	1.000000000000000	9.253500000000001	1.000000000000000	23.88000000000000
pair_coeff	5	19	lj/lambda	0.2000000	5.9700000	0.0000000	23.880000	0.0000000
pair_coeff	6	19	tanh/power	-0.19760554357919	1.000000000000000	9.672000000000001	1.000000000000000	24.96000000000000
pair_coeff	6	19	lj/lambda	0.2000000	6.2400000	0.0000000	24.960000	0.0000000
pair_coeff	7	19	tanh/power	-0.01000000000000	1.000000000000000	9.594500000000000	1.000000000000000	24.76000000000000
pair_coeff	7	19	lj/lambda	0.2000000	6.1900000	0.0000000	24.760000	0.0000000
pair_coeff	8	19	tanh/power	-0.12733710552112	1.000000000000000	8.494000000000002	1.000000000000000	21.92000000000000
pair_coeff	8	19	lj/lambda	0.2000000	5.4800000	0.0000000	21.920000	0.0000000
pair_coeff	9	19	tanh/power	-0.01000000000000	1.000000000000000	9.718499999999999	1.000000000000000	25.08000000000000
pair_coeff	9	19	lj/lambda	0.2000000	6.2700000	0.0000000	25.080000	0.0000000
pair_coeff	10	19	tanh/power	-0.01000000000000	1.000000000000000	9.796000000000001	1.000000000000000	25.28000000000000
pair_coeff	10	19	lj/lambda	0.2000000	6.3200000	0.0000000	25.280000	0.0000000
pair_coeff	11	19	tanh/power	-0.01000000000000	1.000000000000000	9.796000000000001	1.000000000000000	25.28000000000000
pair_coeff	11	19	lj/lambda	0.2000000	6.3200000	0.0000000	25.280000	0.0000000
pair_coeff	12	19	tanh/power	-0.01000000000000	1.000000000000000	9.935500000000001	1.000000000000000	25.64000000000000
pair_coeff	12	19	lj/lambda	0.2000000	6.4100000	0.0000000	25.640000	0.0000000
pair_coeff	13	19	tanh/power	0.021305739603196	1.000000000000000	9.796000000000001	1.000000000000000	25.28000000000000
pair_coeff	13	19	lj/lambda	0.2000000	6.3200000	0.0000000	25.280000	0.0000000
pair_coeff	14	19	tanh/power	-0.01000000000000	1.000000000000000	9.935500000000001	1.000000000000000	25.64000000000000
pair_coeff	14	19	lj/lambda	0.2000000	6.4100000	0.0000000	25.640000	0.0000000
pair_coeff	15	19	tanh/power	-0.26324002067084	1.000000000000000	9.315500000000000	1.000000000000000	24.04000000000000
pair_coeff	15	19	lj/lambda	0.2000000	6.0100000	0.0000000	24.040000	0.0000000
pair_coeff	16	19	tanh/power	-0.18864732982064	1.000000000000000	9.021000000000001	1.000000000000000	23.28000000000000
pair_coeff	16	19	lj/lambda	0.2000000	5.8200000	0.0000000	23.280000	0.0000000
pair_coeff	17	19	tanh/power	-0.30537749656762	1.000000000000000	9.362000000000000	1.000000000000000	24.16000000000000
pair_coeff	17	19	lj/lambda	0.2000000	6.0400000	0.0000000	24.160000	0.0000000
pair_coeff	18	19	tanh/power	-0.01000000000000	1.000000000000000	10.26100000000000	1.000000000000000	26.48000000000000
pair_coeff	18	19	lj/lambda	0.2000000	6.6200000	0.0000000	26.480000	0.0000000
pair_coeff	19	19	tanh/power	-0.29609407559992	1.000000000000000	10.01300000000000	1.000000000000000	25.84000000000000
pair_coeff	19	19	lj/lambda	0.2000000	6.4600000	0.0000000	25.840000	0.0000000
pair_coeff	1	20	tanh/power	-0.01000000000000	1.000000000000000	8.447500000000000	1.000000000000000	21.80000000000000
pair_coeff	1	20	lj/lambda	0.2000000	5.4500000	0.0000000	21.800000	0.0000000
pair_coeff	2	20	tanh/power	-0.01000000000000	1.000000000000000	9.625500000000001	1.000000000000000	24.84000000000000
pair_coeff	2	20	lj/lambda	0.2000000	6.2100000	0.0000000	24.840000	0.0000000
pair_coeff	3	20	tanh/power	-0.01000000000000	1.000000000000000	8.943500000000000	1.000000000000000	23.08000000000000
pair_coeff	3	20	lj/lambda	0.2000000	5.7700000	0.0000000	23.080000	0.0000000
pair_coeff	4	20	tanh/power	-0.01000000000000	1.000000000000000	8.866000000000001	1.000000000000000	22.88000000000000
pair_coeff	4	20	lj/lambda	0.2000000	5.7200000	0.0000000	22.880000	0.0000000
pair_coeff	5	20	tanh/power	-0.01000000000000	1.000000000000000	8.788500000000001	1.000000000000000	22.68000000000000
pair_coeff	5	20	lj/lambda	0.2000000	5.6700000	0.0000000	22.680000	0.0000000
pair_coeff	6	20	tanh/power	-0.01000000000000	1.000000000000000	9.206999999999999	1.000000000000000	23.76000000000000
pair_coeff	6	20	lj/lambda	0.2000000	5.9400000	0.0000000	23.760000	0.0000000
pair_coeff	7	20	tanh/power	-0.01000000000000	1.000000000000000	9.129500000000002	1.000000000000000	23.56000000000000
pair_coeff	7	20	lj/lambda	0.2000000	5.8900000	0.0000000	23.560000	0.0000000
pair_coeff	8	20	tanh/power	-0.01000000000000	1.000000000000000	8.029000000000000	1.000000000000000	20.72000000000000
pair_coeff	8	20	lj/lambda	0.2000000	5.1800000	0.0000000	20.720000	0.0000000
pair_coeff	9	20	tanh/power	-0.01000000000000	1.000000000000000	9.253500000000001	1.000000000000000	23.88000000000000
pair_coeff	9	20	lj/lambda	0.2000000	5.9700000	0.0000000	23.880000	0.0000000
pair_coeff	10	20	tanh/power	-0.01000000000000	1.000000000000000	9.331000000000000	1.000000000000000	24.08000000000000
pair_coeff	10	20	lj/lambda	0.2000000	6.0200000	0.0000000	24.080000	0.0000000
pair_coeff	11	20	tanh/power	-0.01000000000000	1.000000000000000	9.331000000000000	1.000000000000000	24.08000000000000
pair_coeff	11	20	lj/lambda	0.2000000	6.0200000	0.0000000	24.080000	0.0000000
pair_coeff	12	20	tanh/power	-0.01000000000000	1.000000000000000	9.470500000000001	1.000000000000000	24.44000000000000
pair_coeff	12	20	lj/lambda	0.2000000	6.1100000	0.0000000	24.440000	0.0000000
pair_coeff	13	20	tanh/power	-0.01000000000000	1.000000000000000	9.331000000000000	1.000000000000000	24.08000000000000
pair_coeff	13	20	lj/lambda	0.2000000	6.0200000	0.0000000	24.080000	0.0000000
pair_coeff	14	20	tanh/power	-0.01000000000000	1.000000000000000	9.470500000000001	1.000000000000000	24.44000000000000
pair_coeff	14	20	lj/lambda	0.2000000	6.1100000	0.0000000	24.440000	0.0000000
pair_coeff	15	20	tanh/power	-0.01000000000000	1.000000000000000	8.850500000000000	1.000000000000000	22.84000000000000
pair_coeff	15	20	lj/lambda	0.2000000	5.7100000	0.0000000	22.840000	0.0000000
pair_coeff	16	20	tanh/power	-0.01000000000000	1.000000000000000	8.555999999999999	1.000000000000000	22.08000000000000
pair_coeff	16	20	lj/lambda	0.2000000	5.5200000	0.0000000	22.080000	0.0000000
pair_coeff	17	20	tanh/power	-0.01000000000000	1.000000000000000	8.897000000000000	1.000000000000000	22.96000000000000
pair_coeff	17	20	lj/lambda	0.2000000	5.7400000	0.0000000	22.960000	0.0000000
pair_coeff	18	20	tanh/power	-0.01000000000000	1.000000000000000	9.796000000000001	1.000000000000000	25.28000000000000
pair_coeff	18	20	lj/lambda	0.2000000	6.3200000	0.0000000	25.280000	0.0000000
pair_coeff	19	20	tanh/power	-0.01000000000000	1.000000000000000	9.548000000000000	1.000000000000000	24.64000000000000
pair_coeff	19	20	lj/lambda	0.2000000	6.1600000	0.0000000	24.640000	0.0000000
pair_coeff	20	20	tanh/power	-0.01000000000000	1.000000000000000	9.083000000000000	1.000000000000000	23.44000000000000
pair_coeff	20	20	lj/lambda	0.2000000	5.8600000	0.0000000	23.440000	0.0000000
